1466773201 , 33.038
1466773501 , 33.193
1466773801 , 33.236
1466774101 , 32.654
1466774401 , 32.932
1466774701 , 33.287
1466775001 , 33.480
1466775301 , 32.939
1466775601 , 33.167
1466775901 , 33.117
1466776201 , 33.683
1466776501 , 39.451
1466776801 , 32.952
1466777102 , 33.017
1466777401 , 32.943
1466777701 , 32.598
1466778001 , 39.579
1466778302 , 33.077
1466778601 , 33.189
1466778901 , 32.981
1466779201 , 33.251
1466779501 , 33.075
1466779801 , 33.220
1466780101 , 32.703
1466780401 , 32.788
1466780701 , 33.861
1466781001 , 34.609
1466781301 , 32.916
1466781601 , 32.810
1466781901 , 33.260
1466782201 , 33.162
1466782501 , 76.321
1466782801 , 32.867
1466783101 , 146.095
1466783402 , 57.399
1466783701 , 32.958
1466784001 , 33.147
1466784301 , 122.936
1466784601 , 41.627
1466784901 , 74.866
1466785201 , 32.920
1466785501 , 32.762
1466785801 , 32.819
1466786101 , 40.926
1466786402 , 122.106
1466786701 , 173.171
1466787001 , 33.082
1466787301 , 32.797
1466787601 , 51.664
1466787901 , 99.621
1466788201 , 33.087
1466788501 , 33.126
1466788801 , 33.724
1466789101 , 33.078
1466789401 , 32.457
1466789701 , 32.684
1466790001 , 33.134
1466790301 , 33.143
1466790601 , 61.324
1466790901 , 33.264
1466791201 , 47.692
1466791501 , 32.612
1466791801 , 108.069
1466792101 , 140.840
1466792401 , 33.031
1466792701 , 35.718
1466793001 , 94.223
1466793301 , 145.196
1466793601 , 69.208
1466793901 , 153.690
1466794201 , 32.879
1466794501 , 32.985
1466794801 , 32.986
1466795101 , 64.716
1466795401 , 58.061
1466795701 , 33.049
1466796001 , 32.914
1466796301 , 33.029
1466796601 , 32.940
1466796901 , 33.008
1466797201 , 32.828
1466797501 , 33.242
1466797801 , 33.129
1466798101 , 32.901
1466798401 , 33.268
1466798701 , 32.762
1466799001 , 32.720
1466799301 , 32.841
1466799601 , 33.144
1466799901 , 32.828
1466800201 , 33.288
1466800501 , 33.193
1466800801 , 32.750
1466801101 , 33.286
1466801402 , 32.649
1466801701 , 32.592
1466802001 , 32.778
1466802301 , 34.247
1466802601 , 33.056
1466802901 , 32.691
1466803201 , 32.685
1466803501 , 32.833
1466803801 , 33.297
1466804101 , 33.132
1466804401 , 32.882
1466804701 , 32.833
1466805001 , 32.850
1466805302 , 33.275
1466805601 , 33.150
1466805901 , 32.958
1466806201 , 32.920
1466806501 , 32.753
1466806801 , 32.906
1466807101 , 32.751
1466807401 , 32.713
1466807701 , 32.930
1466808001 , 33.097
1466808301 , 32.909
1466808601 , 33.196
1466808901 , 33.175
1466809202 , 33.182
1466809501 , 32.968
1466809801 , 32.974
1466810101 , 32.902
1466810401 , 32.773
1466810701 , 33.305
1466811001 , 32.728
1466811301 , 33.200
1466811601 , 55.476
1466811901 , 141.413
1466812201 , 144.907
1466812501 , 32.508
1466812801 , 32.823
1466813101 , 33.251
1466813401 , 37.653
1466813701 , 32.870
1466814001 , 32.710
1466814301 , 32.963
1466814601 , 32.746
1466814901 , 33.044
1466815201 , 32.928
1466815501 , 32.904
1466815801 , 32.960
1466816101 , 33.148
1466816401 , 33.105
1466816702 , 32.780
1466817001 , 36.166
1466817301 , 32.688
1466817601 , 33.228
1466817901 , 32.729
1466818201 , 33.143
1466818501 , 33.097
1466818801 , 32.954
1466819101 , 33.166
1466819401 , 33.144
1466819701 , 33.070
1466820001 , 32.999
1466820301 , 33.161
1466820601 , 33.046
1466820901 , 32.792
1466821201 , 33.303
1466821501 , 32.906
1466821801 , 33.234
1466822101 , 33.187
1466822401 , 32.818
1466822701 , 32.829
1466823001 , 32.803
1466823301 , 181.650
1466823601 , 33.112
1466823901 , 32.790
1466824201 , 33.032
1466824501 , 33.329
1466824801 , 32.669
1466825101 , 196.264
1466825401 , 197.662
1466825701 , 33.142
1466826001 , 33.188
1466826301 , 169.162
1466826601 , 32.541
1466826901 , 32.879
1466827201 , 33.228
1466827501 , 54.552
1466827802 , 33.132
1466828101 , 32.403
1466828401 , 32.723
1466828701 , 33.157
1466829001 , 32.890
1466829301 , 32.943
1466829601 , 33.220
1466829901 , 34.267
1466830201 , 33.009
1466830502 , 35.538
1466830801 , 33.081
1466831101 , 33.278
1466831401 , 33.013
1466831701 , 32.862
1466832001 , 32.732
1466832301 , 33.053
1466832601 , 33.101
1466832901 , 32.977
1466833201 , 33.087
1466833501 , 33.041
1466833801 , 32.765
1466834101 , 33.184
1466834401 , 33.182
1466834701 , 33.623
1466835001 , 33.098
1466835301 , 33.292
1466835602 , 32.574
1466835901 , 172.849
1466836201 , 32.873
1466836501 , 33.054
1466836801 , 33.018
1466837101 , 32.775
1466837401 , 32.805
1466837701 , 32.888
1466838001 , 32.793
1466838301 , 32.772
1466838601 , 38.206
1466838901 , 1276.024
1466839201 , 36.651
1466839501 , 818.193
1466839801 , 70.237
1466840101 , 33.287
1466840401 , 33.465
1466840701 , 32.609
1466841001 , 33.482
1466841301 , 33.065
1466841601 , 32.980
1466841901 , 32.927
1466842201 , 33.264
1466842502 , 33.130
1466842801 , 32.801
1466843101 , 33.096
1466843401 , 33.368
1466843702 , 32.844
1466844001 , 33.033
1466844301 , 32.865
1466844601 , 32.803
1466844901 , 32.765
1466845201 , 33.078
1466845501 , 32.942
1466845801 , 32.630
1466846101 , 32.899
1466846401 , 32.974
1466846701 , 33.213
1466847001 , 32.895
1466847301 , 33.046
1466847601 , 32.945
1466847901 , 32.804
1466848201 , 32.884
1466848501 , 32.871
1466848801 , 39.612
1466849101 , 33.084
1466849401 , 32.865
1466849701 , 32.745
1466850001 , 33.118
1466850301 , 32.809
1466850601 , 32.964
1466850901 , 33.331
1466851201 , 33.154
1466851501 , 33.196
1466851801 , 33.007
1466852101 , 33.192
1466852401 , 33.692
1466852701 , 32.683
1466853001 , 32.932
1466853301 , 33.003
1466853601 , 32.630
1466853901 , 33.038
1466854201 , 32.825
1466854501 , 33.064
1466854801 , 33.171
1466855101 , 32.961
1466855401 , 39.335
1466855701 , 33.287
1466856001 , 32.948
1466856301 , 33.331
1466856601 , 33.259
1466856902 , 32.828
1466857201 , 32.856
1466857501 , 32.998
1466857801 , 32.953
1466858102 , 33.139
1466858401 , 33.089
1466858701 , 39.347
1466859001 , 32.968
1466859301 , 32.925
