1466491201 , 39.720
1466491501 , 39.654
1466491801 , 39.797
1466492401 , 39.563
1466492701 , 39.330
1466493001 , 39.793
1466493301 , 39.680
1466493601 , 39.494
1466493901 , 39.676
1466494201 , 80.941
1466494501 , 39.961
1466494801 , 39.407
1466495101 , 39.539
1466495401 , 51.372
1466495702 , 39.695
1466496001 , 39.488
1466496301 , 39.870
1466496601 , 39.696
1466496901 , 39.718
1466497201 , 39.555
1466497501 , 39.954
1466497801 , 40.370
1466498101 , 813.148
1466498401 , 39.622
1466498701 , 39.770
1466499001 , 39.935
1466499301 , 40.131
1466499601 , 39.472
1466499901 , 39.996
1466500201 , 42.660
1466500501 , 40.103
1466500801 , 39.586
1466501101 , 39.409
1466501401 , 33.491
1466501701 , 39.852
1466502001 , 39.800
1466502301 , 39.640
1466502601 , 39.861
1466502901 , 39.793
1466503201 , 39.332
1466503501 , 39.556
1466503801 , 39.764
1466504101 , 40.076
1466504401 , 39.359
1466504701 , 39.815
1466505001 , 40.090
1466505301 , 39.641
1466505601 , 39.378
1466505901 , 39.628
1466506201 , 39.887
1466506502 , 39.680
1466506801 , 39.947
1466507101 , 32.794
1466507401 , 32.876
1466507701 , 39.847
1466508001 , 33.108
1466508301 , 33.185
1466508601 , 33.099
1466508901 , 32.870
1466509201 , 33.286
1466509501 , 32.939
1466509801 , 33.365
1466510101 , 32.834
1466510402 , 33.086
1466510701 , 32.935
1466511001 , 32.880
1466511301 , 32.895
1466511601 , 33.405
1466511901 , 32.940
1466512201 , 33.128
1466512501 , 32.942
1466512801 , 33.242
1466513101 , 32.946
1466513401 , 32.891
1466513701 , 33.131
