1466686801 , 32.913
1466687101 , 32.817
1466687401 , 32.939
1466687701 , 32.868
1466688001 , 33.126
1466688301 , 33.156
1466688601 , 33.001
1466688901 , 33.255
1466689201 , 38.045
1466689501 , 32.848
1466689801 , 33.115
1466690101 , 32.607
1466690401 , 32.810
1466690701 , 32.759
1466691001 , 33.028
1466691301 , 32.791
1466691601 , 32.626
1466691901 , 32.845
1466692201 , 33.473
1466692502 , 39.688
1466692801 , 32.943
1466693101 , 33.054
1466693401 , 33.109
1466693701 , 32.846
1466694001 , 32.861
1466694301 , 39.847
1466694601 , 32.786
1466694901 , 832.771
1466695201 , 32.632
1466695501 , 32.658
1466695801 , 33.033
1466696101 , 32.914
1466696402 , 32.711
1466696701 , 47.485
1466697001 , 32.786
1466697301 , 32.856
1466697601 , 114.158
1466697902 , 47.146
1466698201 , 34.680
1466698501 , 134.588
1466698801 , 60.411
1466699101 , 32.789
1466699401 , 32.977
1466699701 , 32.891
1466700001 , 32.780
1466700301 , 113.635
1466700602 , 32.993
1466700901 , 32.789
1466701201 , 32.899
1466701501 , 32.701
1466701801 , 32.872
1466702101 , 32.890
1466702401 , 32.625
1466702701 , 32.854
1466703001 , 34.541
1466703301 , 32.777
1466703602 , 32.889
1466703901 , 32.925
1466704201 , 62.641
1466704501 , 32.792
1466704801 , 33.127
1466705101 , 65.972
1466705401 , 60.481
1466705701 , 33.421
1466706001 , 32.840
1466706301 , 38.721
1466706601 , 32.615
1466706901 , 32.743
1466707201 , 33.056
1466707501 , 32.727
1466707801 , 32.707
1466708101 , 32.748
1466708401 , 32.776
1466708701 , 34.177
1466709001 , 33.127
1466709301 , 32.732
1466709601 , 32.962
1466709901 , 32.900
1466710201 , 39.683
1466710501 , 32.710
1466710801 , 32.795
1466711101 , 32.902
1466711401 , 32.932
1466711701 , 196.695
1466712001 , 188.167
1466712302 , 32.916
1466712601 , 32.596
1466712901 , 32.927
1466713201 , 63.856
1466713502 , 32.628
1466713801 , 32.867
1466714101 , 39.723
1466714401 , 32.730
1466714701 , 32.765
1466715001 , 32.537
1466715301 , 39.123
1466715601 , 76.187
1466715901 , 33.042
1466716201 , 32.941
1466716501 , 33.515
1466716801 , 33.168
1466717101 , 32.762
1466717401 , 32.840
1466717701 , 32.982
1466718002 , 87.379
1466718301 , 111.595
1466718601 , 133.533
1466718901 , 32.797
1466719202 , 65.577
1466719501 , 32.726
1466719801 , 33.019
1466720101 , 32.591
1466720402 , 32.735
1466720701 , 160.468
1466721001 , 32.771
1466721301 , 37.861
1466721602 , 63.809
1466721901 , 32.805
1466722201 , 42.030
1466722501 , 32.867
1466722801 , 32.717
1466723101 , 32.478
1466723401 , 32.905
1466723701 , 32.841
1466724001 , 38.685
1466724301 , 32.796
1466724601 , 32.854
1466724901 , 32.936
1466725201 , 32.696
1466725501 , 100.056
1466725802 , 33.058
1466726101 , 33.085
1466726401 , 32.801
1466726701 , 32.986
1466727001 , 32.552
1466727301 , 76.053
1466727601 , 32.855
1466727901 , 32.957
1466728201 , 37.667
1466728501 , 32.938
1466728801 , 33.005
1466729101 , 32.727
1466729401 , 32.851
1466729701 , 93.617
1466730001 , 32.993
1466730301 , 32.962
1466730601 , 32.772
1466730901 , 33.019
1466731201 , 148.534
1466731501 , 32.871
1466731801 , 32.587
1466732101 , 33.006
1466732401 , 33.001
1466732701 , 33.007
1466733001 , 32.806
1466733301 , 33.123
1466733601 , 32.577
1466733901 , 33.183
1466734201 , 33.144
1466734501 , 33.137
1466734801 , 33.112
1466735101 , 32.991
1466735401 , 32.974
1466735701 , 33.379
1466736001 , 57.599
1466736301 , 32.951
1466736601 , 32.801
1466736901 , 68.114
1466737201 , 33.033
1466737501 , 136.335
1466737801 , 128.747
1466738101 , 32.718
1466738401 , 34.864
1466738701 , 33.327
1466739001 , 32.940
1466739301 , 33.257
1466739601 , 65.995
1466739901 , 32.988
1466740201 , 33.872
1466740501 , 127.794
1466740802 , 37.554
1466741101 , 93.454
1466741401 , 32.746
1466741701 , 175.994
1466742001 , 172.586
1466742301 , 176.001
1466742601 , 167.105
1466742901 , 121.963
1466743202 , 32.975
1466743501 , 35.054
1466743801 , 33.058
1466744101 , 91.720
1466744402 , 61.671
1466744701 , 39.347
1466745001 , 34.959
1466745301 , 32.849
1466745601 , 33.524
1466745901 , 36.643
1466746201 , 33.249
1466746501 , 33.320
1466746801 , 32.655
1466747102 , 33.084
1466747401 , 33.070
1466747701 , 106.631
1466748001 , 120.929
1466748301 , 32.810
1466748601 , 32.577
1466748901 , 33.040
1466749202 , 33.039
1466749501 , 32.975
1466749801 , 123.762
1466750101 , 32.926
1466750401 , 129.406
1466750701 , 32.820
1466751001 , 32.618
1466751302 , 32.770
1466751601 , 50.476
1466751901 , 32.914
1466752201 , 64.895
1466752501 , 33.153
1466752801 , 42.965
1466753101 , 46.496
1466753402 , 33.086
1466753701 , 32.880
1466754001 , 32.731
1466754301 , 33.193
1466754601 , 33.337
1466754901 , 33.094
1466755201 , 32.849
1466755501 , 32.970
1466755801 , 33.236
1466756102 , 32.946
1466756401 , 33.128
1466756701 , 32.894
1466757001 , 33.188
1466757302 , 33.058
1466757601 , 32.845
1466757901 , 32.900
1466758201 , 32.975
1466758501 , 32.956
1466758801 , 33.008
1466759101 , 32.711
1466759401 , 32.823
1466759701 , 32.997
1466760001 , 33.079
1466760301 , 32.851
1466760601 , 33.223
1466760901 , 33.195
1466761201 , 33.003
1466761501 , 33.162
1466761801 , 32.553
1466762101 , 33.203
1466762401 , 33.077
1466762701 , 33.091
1466763001 , 33.178
1466763301 , 33.084
1466763601 , 32.798
1466763901 , 32.836
1466764201 , 33.132
1466764501 , 32.967
1466764801 , 33.212
1466765101 , 33.366
1466765401 , 32.829
1466765701 , 39.800
1466766001 , 33.532
1466766301 , 37.055
1466766601 , 33.205
1466766901 , 33.125
1466767201 , 33.155
1466767502 , 33.071
1466767801 , 33.043
1466768101 , 33.015
1466768401 , 33.227
1466768701 , 33.054
1466769001 , 32.676
1466769301 , 32.762
1466769601 , 33.124
1466769901 , 32.934
1466770201 , 32.842
1466770501 , 32.828
1466770801 , 32.931
1466771101 , 33.092
1466771401 , 33.138
1466771701 , 33.007
1466772001 , 33.097
1466772301 , 33.135
1466772601 , 33.138
1466772901 , 32.952
