1466600401 , 45.828
1466600701 , 32.716
1466601001 , 33.103
1466601301 , 32.991
1466601601 , 32.731
1466601901 , 33.028
1466602201 , 33.080
1466602501 , 33.234
1466602801 , 32.992
1466603101 , 32.720
1466603401 , 32.943
1466603701 , 33.163
1466604001 , 32.604
1466604301 , 33.187
1466604601 , 56.052
1466604901 , 32.696
1466605202 , 32.806
1466605501 , 45.673
1466605801 , 32.827
1466606101 , 169.496
1466606401 , 32.898
1466606701 , 33.177
1466607001 , 32.944
1466607301 , 39.283
1466607602 , 32.788
1466607901 , 33.096
1466608201 , 33.033
1466608501 , 33.207
1466608802 , 38.165
1466609101 , 32.774
1466609401 , 33.142
1466609701 , 32.719
1466610001 , 33.060
1466610301 , 33.076
1466610601 , 33.348
1466610901 , 32.853
1466611201 , 32.873
1466611501 , 33.039
1466611801 , 32.897
1466612101 , 32.801
1466612401 , 33.216
1466612701 , 32.806
1466613001 , 32.751
1466613301 , 32.995
1466613601 , 33.019
1466613901 , 33.123
1466614202 , 138.149
1466614501 , 125.327
1466614801 , 32.914
1466615101 , 33.247
1466615401 , 33.014
1466615701 , 32.739
1466616001 , 32.854
1466616301 , 98.682
1466616601 , 52.894
1466616901 , 62.309
1466617201 , 34.244
1466617501 , 198.716
1466617801 , 146.804
1466618101 , 160.646
1466618402 , 135.037
1466618701 , 101.579
1466619001 , 158.432
1466619301 , 81.231
1466619601 , 151.211
1466619901 , 33.012
1466620201 , 32.772
1466620501 , 32.940
1466620801 , 32.956
1466621101 , 32.968
1466621401 , 32.771
1466621701 , 32.639
1466622001 , 32.533
1466622301 , 33.287
1466622601 , 33.155
1466622901 , 33.074
1466623201 , 32.769
1466623501 , 33.296
1466623801 , 33.347
1466624101 , 33.265
1466624402 , 33.067
1466624701 , 32.942
1466625001 , 33.130
1466625301 , 32.943
1466625601 , 32.840
1466625901 , 33.234
1466626201 , 33.191
1466626501 , 32.978
1466626802 , 33.189
1466627101 , 39.580
1466627401 , 33.064
1466627701 , 32.833
1466628001 , 32.926
1466628301 , 33.047
1466628601 , 33.234
1466628901 , 33.100
1466629201 , 33.140
1466629501 , 33.281
1466629801 , 33.227
1466630101 , 32.819
1466630401 , 33.150
1466630701 , 33.083
1466631001 , 33.189
1466631301 , 33.240
1466631601 , 33.119
1466631901 , 33.311
1466632201 , 109.793
1466632501 , 32.850
1466632801 , 33.051
1466633101 , 32.947
1466633401 , 32.956
1466633701 , 33.176
1466634001 , 33.038
1466634301 , 33.143
1466634602 , 33.126
1466634901 , 33.129
1466635201 , 33.130
1466635501 , 33.268
1466635801 , 61.421
1466636101 , 33.074
1466636401 , 32.995
1466636701 , 33.228
1466637001 , 32.613
1466637301 , 33.001
1466637601 , 33.141
1466637901 , 33.066
1466638201 , 32.763
1466638501 , 52.711
1466638801 , 32.770
1466639101 , 33.047
1466639401 , 32.860
1466639701 , 33.229
1466640001 , 118.057
1466640301 , 186.430
1466640601 , 32.806
1466640901 , 32.964
1466641201 , 178.765
1466641501 , 32.780
1466641801 , 33.186
1466642101 , 57.998
1466642401 , 123.729
1466642701 , 32.626
1466643001 , 32.776
1466643301 , 32.867
1466643601 , 151.854
1466643901 , 32.819
1466644201 , 32.841
1466644501 , 37.722
1466644801 , 33.026
1466645101 , 33.408
1466645401 , 32.951
1466645701 , 32.869
1466646001 , 32.937
1466646302 , 32.862
1466646601 , 33.041
1466646901 , 32.802
1466647201 , 33.480
1466647501 , 106.004
1466647801 , 32.942
1466648101 , 33.287
1466648401 , 32.973
1466648701 , 32.962
1466649001 , 33.006
1466649301 , 32.744
1466649601 , 32.847
1466649901 , 32.964
1466650201 , 33.146
1466650501 , 32.980
1466650801 , 40.280
1466651101 , 676.576
1466651401 , 33.123
1466651701 , 32.861
1466652001 , 33.008
1466652301 , 2501.151
1466652601 , 33.092
1466652901 , 32.997
1466653202 , 33.107
1466653501 , 32.618
1466653801 , 37.016
1466654101 , 32.911
1466654401 , 32.830
1466654701 , 32.699
1466655001 , 32.986
1466655301 , 32.781
1466655601 , 32.947
1466655901 , 186.257
1466656201 , 189.962
1466656501 , 32.619
1466656801 , 32.889
1466657101 , 32.754
1466657401 , 32.691
1466657701 , 32.859
1466658002 , 32.930
1466658301 , 33.279
1466658601 , 107.632
1466658901 , 109.722
1466659201 , 103.948
1466659501 , 83.577
1466659802 , 115.744
1466660101 , 112.440
1466660401 , 32.928
1466660701 , 32.759
1466661001 , 32.784
1466661301 , 33.495
1466661601 , 32.609
1466661901 , 33.033
1466662201 , 35.451
1466662501 , 2411.124
1466662801 , 1202.361
1466663101 , 32.774
1466663401 , 67.971
1466663701 , 32.921
1466664001 , 32.675
1466664301 , 130.798
1466664601 , 33.021
1466664901 , 39.348
1466665201 , 32.873
1466665501 , 32.856
1466665801 , 33.250
1466666101 , 32.911
1466666401 , 33.026
1466666701 , 32.977
1466667001 , 33.114
1466667301 , 34.658
1466667601 , 32.996
1466667901 , 33.266
1466668201 , 33.119
1466668501 , 33.072
1466668802 , 32.815
1466669101 , 33.072
1466669401 , 33.016
1466669701 , 33.199
1466670002 , 39.482
1466670301 , 33.330
1466670601 , 32.641
1466670901 , 33.161
1466671201 , 32.927
1466671501 , 33.257
1466671801 , 36.009
1466672101 , 33.135
1466672401 , 33.092
1466672702 , 33.057
1466673001 , 33.167
1466673301 , 32.711
1466673601 , 32.964
1466673902 , 33.030
1466674201 , 33.203
1466674501 , 33.097
1466674801 , 33.149
1466675101 , 32.815
1466675401 , 32.794
1466675701 , 32.783
1466676001 , 32.985
1466676301 , 33.166
1466676601 , 32.882
1466676901 , 32.934
1466677201 , 32.992
1466677501 , 32.751
1466677801 , 32.998
1466678101 , 32.687
1466678401 , 33.068
1466678701 , 33.142
1466679001 , 33.161
1466679301 , 33.574
1466679601 , 33.225
1466679901 , 32.944
1466680201 , 32.835
1466680501 , 32.845
1466680801 , 33.310
1466681101 , 32.742
1466681401 , 33.107
1466681701 , 33.144
1466682001 , 33.244
1466682301 , 32.749
1466682602 , 32.890
1466682901 , 33.510
1466683201 , 33.003
1466683501 , 32.969
1466683801 , 32.945
1466684101 , 33.165
1466684401 , 33.169
1466684701 , 33.081
1466685001 , 33.127
1466685301 , 32.953
1466685602 , 32.889
1466685901 , 33.059
1466686201 , 32.790
1466686501 , 32.813
