1466514001 , 33.391
1466514301 , 32.928
1466514601 , 33.053
1466514901 , 33.242
1466515201 , 32.940
1466515501 , 33.027
1466515801 , 164.045
1466516101 , 32.896
1466516402 , 32.946
1466516701 , 32.710
1466517001 , 33.297
1466517301 , 33.085
1466517601 , 32.648
1466517901 , 33.118
1466518201 , 33.238
1466518501 , 33.243
1466518801 , 33.058
1466519101 , 33.094
1466519401 , 32.885
1466519701 , 33.044
1466520001 , 33.044
1466520301 , 33.339
1466520601 , 33.169
1466520901 , 33.177
1466521201 , 33.166
1466521501 , 32.888
1466521801 , 32.884
1466522101 , 33.186
1466522401 , 33.066
1466522701 , 170.517
1466523001 , 33.254
1466523301 , 33.014
1466523601 , 32.545
1466523901 , 81.097
1466524201 , 33.227
1466524501 , 32.839
1466524801 , 33.022
1466525101 , 32.910
1466525401 , 32.764
1466525701 , 32.733
1466526001 , 32.933
1466526301 , 33.172
1466526601 , 32.984
1466526901 , 33.079
1466527201 , 33.068
1466527501 , 33.142
1466527801 , 33.103
1466528102 , 32.704
1466528401 , 32.722
1466528701 , 33.150
1466529001 , 32.930
1466529301 , 32.820
1466529601 , 32.904
1466529901 , 33.258
1466530201 , 33.155
1466530501 , 33.263
1466530801 , 33.056
1466531101 , 33.038
1466531401 , 32.904
1466531702 , 32.916
1466532001 , 33.281
1466532301 , 32.831
1466532601 , 33.139
1466532901 , 32.956
1466533201 , 33.039
1466533501 , 32.752
1466533801 , 32.807
1466534101 , 32.829
1466534401 , 33.071
1466534701 , 32.795
1466535001 , 32.984
1466535301 , 32.830
1466535602 , 33.211
1466535901 , 33.289
1466536201 , 32.911
1466536501 , 32.987
1466536801 , 36.427
1466537101 , 32.796
1466537401 , 33.223
1466537701 , 33.007
1466538001 , 33.102
1466538301 , 32.885
1466538601 , 32.998
1466538901 , 32.997
1466539201 , 32.569
1466539501 , 32.722
1466539801 , 33.323
1466540101 , 33.056
1466540401 , 32.475
1466540701 , 177.747
1466541001 , 33.183
1466541301 , 33.061
1466541601 , 32.895
1466541901 , 33.028
1466542201 , 32.794
1466542501 , 32.987
1466542801 , 32.952
1466543101 , 33.067
1466543401 , 33.123
1466543701 , 33.284
1466544001 , 32.891
1466544301 , 33.135
1466544601 , 33.048
1466544901 , 32.980
1466545201 , 32.926
1466545501 , 32.955
1466545802 , 159.290
1466546101 , 32.840
1466546401 , 33.297
1466546701 , 33.220
1466547001 , 33.132
1466547301 , 32.988
1466547601 , 32.978
1466547901 , 33.170
1466548201 , 177.284
1466548501 , 33.199
1466548801 , 33.079
1466549101 , 32.997
1466549401 , 32.592
1466549701 , 33.406
1466550001 , 33.076
1466550301 , 32.964
1466550601 , 33.204
1466550902 , 33.070
1466551201 , 33.087
1466551501 , 33.279
1466551801 , 33.072
1466552102 , 33.141
1466552401 , 161.479
1466552701 , 163.070
1466553001 , 158.668
1466553301 , 180.515
1466553601 , 149.944
1466553901 , 1067.978
1466554201 , 2621.019
1466554501 , 2671.446
1466554801 , 1153.556
1466555101 , 169.158
1466555401 , 171.950
1466555701 , 178.342
1466556002 , 168.133
1466556301 , 172.007
1466556601 , 176.086
1466556901 , 183.837
1466557201 , 178.810
1466557501 , 183.487
1466557801 , 180.283
1466558101 , 186.104
1466558401 , 157.267
1466558702 , 168.799
1466559001 , 188.003
1466559302 , 176.510
1466559601 , 189.458
1466559901 , 33.063
1466560201 , 182.941
1466560501 , 179.420
1466560801 , 170.621
1466561101 , 168.094
1466561401 , 171.663
1466561701 , 155.428
1466562001 , 153.724
1466562301 , 180.083
1466562601 , 160.851
1466562901 , 171.220
1466563201 , 171.576
1466563501 , 172.417
1466563802 , 167.197
1466564101 , 88.082
1466564401 , 192.947
1466564701 , 166.356
1466565001 , 150.607
1466565301 , 185.360
1466565601 , 183.958
1466565901 , 32.909
1466566201 , 181.525
1466566501 , 173.538
1466566801 , 147.840
1466567101 , 147.289
1466567402 , 133.226
1466567701 , 179.030
1466568001 , 162.200
1466568301 , 170.576
1466568602 , 133.533
1466568901 , 143.252
1466569201 , 185.499
1466569501 , 160.677
1466569801 , 172.456
1466570101 , 159.730
1466570401 , 166.005
1466570701 , 169.627
1466571001 , 158.853
1466571301 , 174.440
1466571601 , 139.272
1466571901 , 151.635
1466572201 , 118.719
1466572501 , 33.193
1466572801 , 32.950
1466573101 , 32.996
1466573401 , 33.210
1466573701 , 32.994
1466574001 , 187.045
1466574301 , 174.687
1466574601 , 32.951
1466574901 , 125.577
1466575202 , 33.086
1466575501 , 32.779
1466575801 , 32.830
1466576101 , 33.086
1466576402 , 33.400
1466576701 , 33.041
1466577001 , 33.059
1466577301 , 868.302
1466577601 , 32.867
1466577901 , 33.012
1466578201 , 33.051
1466578501 , 119.531
1466578801 , 67.427
1466579101 , 76.645
1466579402 , 32.927
1466579701 , 33.145
1466580001 , 95.788
1466580301 , 139.268
1466580601 , 143.063
1466580901 , 57.358
1466581202 , 33.111
1466581501 , 129.116
1466581801 , 57.119
1466582101 , 62.488
1466582401 , 33.011
1466582701 , 33.275
1466583001 , 33.163
1466583301 , 32.818
1466583601 , 33.284
1466583901 , 42.273
1466584201 , 33.018
1466584501 , 32.709
1466584801 , 33.022
1466585101 , 32.721
1466585401 , 32.886
1466585701 , 33.180
1466586001 , 33.116
1466586301 , 33.117
1466586601 , 32.930
1466586901 , 33.052
1466587201 , 32.681
1466587501 , 32.972
1466587801 , 33.147
1466588101 , 33.061
1466588401 , 37.012
1466588702 , 48.095
1466589001 , 49.257
1466589301 , 40.319
1466589601 , 49.198
1466589902 , 45.843
1466590201 , 57.219
1466590501 , 68.139
1466590802 , 35.689
1466591101 , 44.111
1466591401 , 39.226
1466591701 , 48.867
1466592001 , 58.307
1466592301 , 33.051
1466592601 , 77.999
1466592901 , 32.927
1466593201 , 32.598
1466593501 , 33.119
1466593801 , 33.327
1466594101 , 33.033
1466594401 , 32.877
1466594701 , 32.977
1466595001 , 51.064
1466595301 , 32.715
1466595601 , 32.953
1466595902 , 32.852
1466596201 , 32.729
1466596501 , 33.085
1466596801 , 33.093
1466597101 , 32.785
1466597401 , 32.754
1466597701 , 32.913
1466598001 , 32.951
1466598301 , 32.839
1466598601 , 33.222
1466598901 , 33.129
1466599201 , 33.104
1466599501 , 33.001
1466599801 , 40.627
1466600101 , 32.776
